Frame	X1	Y1	Flag1	X2	Y2	Flag2	X3	Y3	Flag3	X4	Y4	Flag4	X5	Y5	Flag5
Tracks 1 to 5
1	160.99495	151.22728	 	111.47037	151.4037	 	55.621952	87.585365	 	43.664837	58.126373	 	54.73077	26.893162	 
2	161.62914	151.15562	 	112.409775	152.98872	 	53.816128	88.69355	*	40.544693	59.511173	*	49.52479	27.045454	*
3	162.32095	151.15878	 	113.058136	154.26744	 	52.467533	89.47403	*	37.48857	60.922855	*	43.7521	27.357143	*
4	162.85353	151.1734	 	113.8937	155.7126	 	51.77451	90.303925	*	35.252872	62.333332	*	38.435482	27.75	*
5	163.30267	151.17558	 	114.6875	156.73438	 	52.183544	92.24683	 	34.710228	64.994316	*	33.984127	29.02381	*
6	163.85	151.04	 	115.15385	157.20769	 	54.239395	96.42727	 	37.618557	68.91237	*	30.868422	32.44737	*
7	164.33612	150.92474	 	115.63281	156.79688	 	57.752872	102.31035	 	42.99254	74.31094	*	30.37736	39.160378	*
8	164.70805	150.50336	 	115.77559	156.1693	 	61.655174	107.954025	 	48.131313	79.72222	*	33.701923	45.865383	*
9	165.06122	150.17686	 	116.083336	155.38637	 	65.14881	112.14881	 	53.454082	83.688774	*	39.22174	49.9	*
10	165.20589	149.85294	 	116.14286	154.63492	 	67.55988	114.27245	*	59.11702	85.526596	*	46.693275	51.936974	*
11	165.19504	149.69858	 	116.041985	154.11832	 	68.80864	114.24691	*	64.77368	85.62631	*	56.29675	52.109756	*
12	164.84285	149.70714	 	115.52308	153.50769	 	69.77811	111.86687	*	70.45187	84.01337	*	67.433334	51.06296	 
13	164.25986	150.28136	 	114.80232	153.26744	 	70.85714	107.2619	*	76.33854	80.666664	*	79.521736	48.427536	 
14	163.54286	151.26785	 	113.859375	152.97656	 	72.419754	101.00617	*	82.671875	76.4375	*	91.58965	45.74138	 
15	162.68533	152.39961	 	112.844	152.572	 	74.70645	94.325806	*	88.89548	72.33616	*	103.42701	43.660583	 
16	161.69763	153.67787	 	111.833336	152.18217	 	77.435486	88.44839	*	94.75288	68.505745	*	113.89259	42.544445	 
17	160.725	154.87917	 	110.75984	151.96457	 	80.958336	83.4375	*	100.1478	65.24843	*	123.33846	41.661537	 
18	159.85776	156.27586	 	109.78906	152.17969	 	84.64765	79.51342	*	105.487015	62.525974	*	131.58089	41.036766	 
19	159.1	157.58182	 	108.951614	152.53226	 	89.40845	75.73943	*	110.90939	60.077183	*	139.4926	40.425926	 
20	158.5283	159.01888	 	108.436	153.1	 	94.8125	72.19444	*	117.367546	57.175495	*	147.8116	39.173912	 
21	158.00952	160.69048	 	108.06911	153.73578	 	100.891304	68.797104	*	124.333336	53.893333	*	156.37218	37.68797	 
22	157.70096	162.22249	 	107.884	154.484	 	106.989655	66.058624	*	131.2027	50.844593	*	164.72302	36.16187	 
23	157.38461	163.64903	 	107.84127	154.75397	 	112.477776	63.433334	*	136.7973	47.23649	*	172.05814	33.600777	 
24	157.40654	164.70561	 	108.22222	154.73016	 	116.26296	61.055557	*	140.05556	43.04902	*	175.75565	28.845865	 
25	157.87674	164.85349	 	108.80469	153.90625	 	117.39552	58.686565	*	140.3773	38.469326	*	175.27235	22.752033	 
26	158.5	163.9305	 	109.71374	152.76718	 	114.36806	57.36111	*	135.64706	35.47059	*	170.55426	21.01938	 
27	159.22807	162.17982	 	110.51515	151.62122	 	109.42414	57.093105	*	128.8952	33.781437	*	163.75807	20.330645	*
28	159.9	160.1	 	111.208954	150.34328	 	105.289474	57.05263	*	123.565475	32.86905	*	157.5	19.920635	*
29	160.67749	158.19264	 	111.71374	149.76718	 	101.37261	57.93312	*	118.27778	32.932747	*	151.74794	19.855371	*
30	161.33842	156.31659	 	112.5	148.77481	 	97.51852	59.179012	*	113.206894	33.431034	*	146.18852	19.803278	*
31	161.73914	154.62173	 	112.73664	147.76718	 	93.80303	60.263638	*	108.19143	33.951427	*	140.532	19.764	*
32	162.13948	152.65451	 	112.98872	146.40977	 	90.221214	61.28182	*	103.02	34.374287	*	134.62097	19.798388	*
33	162.25537	150.86052	 	113.13158	145.26692	 	86.95399	62.751534	*	98.155365	35.200565	*	129.09836	19.836065	*
34	162.5125	149.25833	 	113.10294	143.90442	 	83.96199	64.18421	*	93.28977	36.198864	*	123.370964	19.959677	*
35	162.7449	147.97346	 	113.14493	142.76811	 	81.378784	65.76667	*	88.80769	37.192307	*	117.82231	19.938017	*
36	162.95564	146.94354	 	113.29851	141.97762	 	78.75595	67.59524	*	84.39773	38.511364	*	112.37603	20.03719	*
37	163.04616	146.38461	 	113.118706	141.6295	 	76.38024	69.356285	*	80.12366	39.88172	*	106.90833	20.091667	*
38	162.93726	146.40114	 	113.06204	141.36131	 	74.13095	71.21429	*	75.85714	41.51099	*	101.311966	20.30342	*
39	162.79323	146.66542	 	112.9539	141.93262	 	71.60227	72.66477	*	71.82258	42.88172	*	95.991806	20.42623	*
40	162.51505	147.54512	 	112.57971	142.84782	 	69.19364	74.286125	*	67.72703	44.294594	*	90.38034	20.722221	*
41	162.33089	148.82721	 	112.251724	144.23103	 	66.804596	75.62069	*	63.82804	45.66931	*	85.18067	20.82773	*
42	162.21956	150.41513	 	112.106895	146.07932	 	64.22	77.20857	*	59.78421	47.047367	*	79.62174	21.013044	*
43	162.12857	152.13214	 	111.861115	148.13889	 	62.011364	78.55114	*	56.02128	48.335106	*	74.33064	21.241936	*
44	162.13004	153.75641	 	111.88461	150.22728	 	59.860466	79.76163	*	52.377007	49.601604	*	68.82204	21.415255	*
45	162.15468	155.64389	 	112.16897	152.63792	 	57.712643	80.793106	*	48.701057	50.955025	*	63.65	21.483334	*
46	162.63455	157.52545	 	112.4635	154.98175	 	55.748554	81.76012	*	45.244682	51.856384	*	58.34874	21.65126	*
47	162.87895	159.39124	 	112.916664	157.19444	 	53.9593	82.558136	*	41.989132	52.902172	*	52.875	21.841667	*
48	163.61267	161.05634	 	113.57042	159.65492	 	52.377907	83.48837	*	38.929348	53.983696	*	47.607437	21.88843	*
49	164.36267	162.67958	 	114.66547	162.18346	 	51.22121	84.14848	*	35.99727	55.068306	*	41.918034	22.049181	*
50	165.38339	163.91696	 	115.87226	164.39781	 	50.567074	85.27439	*	34.005554	56.75	*	36.61905	22.650793	*
51	166.5845	164.85564	 	116.96763	166.40648	 	51.41765	87.541176	 	33.82787	59.587433	*	32.47541	24.040983	*
52	167.60248	165.1219	 	118.0037	168.14444	 	53.745613	91.59942	 	37.375	63.19	*	30.25	26.48077	*
53	168.52483	164.95035	 	119.16423	168.95256	 	57.27528	98.02809	 	43.514565	68.660194	*	31.21875	32.958332	*
54	169.1223	164.41367	 	120.07037	169.2111	 	61.585712	105.03714	 	49.782177	75.5594	*	36.331684	40.60891	*
55	169.80466	164.0448	 	120.70149	169.28358	 	65.98572	112.34	 	55.79703	82.82674	*	44.018867	46.90566	*
56	170.06569	163.88686	 	121.03384	169.15413	 	69.60526	118.05556	 	61.50505	88.44949	*	51.890476	52.319046	*
57	170.07854	163.76437	 	121.07252	168.88931	 	72.162575	121.935585	 	67.081154	92.61518	*	60.055557	56.62037	*
58	169.89526	163.6581	 	120.82	168.524	 	73.56832	123.3882	*	71.303276	94.510925	*	67.0	58.83019	*
59	169.93645	163.47882	 	120.7	168.16924	 	74.493546	123.27419	*	75.10674	94.83146	*	73.2807	60.04386	 
60	169.94725	163.36076	 	120.46212	167.98485	 	74.846664	120.60667	*	78.62222	93.41111	*	79.572	59.588	 
61	169.76407	163.53464	 	120.17175	167.5916	 	75.63043	116.32609	*	82.955055	90.69101	*	87.679855	57.910072	 
62	169.48695	163.85217	 	119.62698	166.80159	 	77.340576	111.27536	*	87.84078	87.29888	*	97.31633	55.969387	 
63	169.01755	164.39035	 	118.809525	165.7619	 	79.59559	105.463234	*	93.00292	83.307014	*	107.47203	53.856644	 
64	168.36667	164.85556	 	118.12308	164.83846	 	82.513885	99.770836	*	98.43642	78.99133	*	117.15972	51.958332	 
65	167.68584	165.59735	 	117.42742	164.25	 	86.06551	94.555176	*	104.20625	75.2125	*	126.67037	50.574074	 
66	167.16513	166.30275	 	116.7619	163.9127	 	89.91558	89.92857	*	109.89634	71.85976	*	135.54512	49.469925	 
67	166.55634	167.15259	 	116.54762	163.81746	 	94.70805	85.57382	*	116.00318	68.49363	*	143.74615	47.907692	 
68	166.42822	168.26077	 	116.33064	163.87903	 	100.473335	81.613335	*	122.42683	65.20731	*	152.25	46.036766	 
69	166.32828	169.64142	 	116.32031	164.24219	 	106.90845	77.746475	*	129.77097	62.003227	*	161.00365	44.149635	 
70	166.32828	171.10606	 	116.27869	164.63115	 	113.58784	74.66216	*	137.22612	58.805733	*	169.80656	42.01825	 
71	166.2958	172.77748	 	116.5	165.16129	 	119.87063	71.91259	*	143.87749	55.811256	*	177.69403	40.0597	 
72	166.48445	174.12177	 	117.126015	165.47562	 	124.753525	69.88732	*	149.0817	52.77451	*	184.09375	38.03125	 
73	166.91579	175.11578	 	117.82258	165.67741	 	128.10431	68.01079	*	151.91176	49.2451	 	187.26613	34.112904	 
74	167.61458	175.26562	 	118.93307	165.32677	 	129.28014	66.45744	*	152.03459	45.96541	*	186.50813	28.686993	 
75	168.62042	174.5157	 	120.02381	164.96825	 	128.30986	65.11268	*	149.73494	42.71687	*	182.788	23.476	 
76	169.46954	172.83502	 	121.33077	163.8923	 	124.02631	63.907894	*	143.32681	39.678772	*	176.42126	21.893702	*
77	170.5153	170.17857	 	122.39313	162.51527	 	119.16879	62.378983	*	136.3983	36.73164	*	169.575	21.158333	*
78	171.17308	167.02403	 	123.05556	160.3963	 	114.85152	61.263638	*	130.6854	35.185394	*	163.50833	20.625	*
79	171.31642	163.7512	 	123.169174	158.22932	 	110.63253	61.590363	*	125.371506	35.209496	*	157.72034	20.542374	*
80	171.56667	160.79048	 	122.969696	155.90152	 	106.541916	62.212574	*	119.941986	35.378452	*	152.05556	20.482906	*
81	171.58372	158.2721	 	123.128784	153.40152	 	102.57976	62.947853	*	114.94693	35.6676	*	146.41304	20.482609	*
82	171.83636	155.98181	 	123.18889	151.12222	 	99.29141	63.978527	*	109.86264	36.29121	*	140.56956	20.42174	*
83	172.16667	154.33545	 	123.408394	148.85115	 	96.333336	65.46429	*	105.2	37.205555	*	134.99123	20.482456	*
84	172.55284	152.92276	 	123.66418	146.86568	 	93.60909	66.954544	*	100.67112	38.131016	*	129.32906	20.576923	*
85	172.98996	151.95381	 	124.09712	145.54317	 	91.3869	68.61905	*	96.31967	39.215847	*	123.88983	20.720339	*
86	173.61328	151.61328	 	124.85294	144.92647	 	89.27193	70.6579	*	92.21978	41.032967	*	118.291306	20.960869	*
87	174.42664	151.7471	 	125.44118	145.08089	 	87.57514	72.89307	*	88.33978	42.914364	*	112.995575	21.030973	*
88	175.44531	152.26172	 	126.5	145.94118	 	85.800575	75.28035	*	84.58152	45.02174	*	107.650444	21.482302	*
89	176.59541	153.12596	 	127.572464	147.0145	 	84.33721	77.49419	*	81.11702	47.101063	*	102.19026	21.72124	*
90	177.96565	154.14885	 	128.58089	148.40442	 	83.045975	79.5	*	78.097824	49.125	*	97.07143	21.919643	*
91	179.24812	155.36465	 	129.65442	149.90442	 	81.96821	81.476875	*	74.95109	51.032608	*	91.67796	22.33051	*
92	180.50378	156.71213	 	130.75185	151.67036	 	80.82336	83.01497	*	72.06906	52.638123	*	86.5	22.286325	*
93	181.68115	158.28261	 	131.83098	153.35916	 	79.66766	83.967064	*	69.02459	53.915302	*	81.00862	22.586206	*
94	182.75725	159.67392	 	132.79497	155.3777	 	78.53636	84.59091	*	66.09776	54.85754	*	75.68261	22.786957	*
95	183.9205	161.35512	 	133.85767	157.74088	 	77.9875	85.09375	*	63.375706	55.833332	*	70.18104	22.801723	*
96	185.2	162.61429	 	135.06116	159.98921	 	77.68239	85.08491	*	60.95	56.544445	*	64.69835	22.863636	*
97	186.72145	163.99828	 	136.56667	162.28519	 	77.89634	84.89024	*	59.064972	57.466103	*	59.032787	23.303278	*
98	188.32518	164.75175	 	138.20677	164.32707	 	78.49379	85.45652	 	58.215977	59.22781	*	54.22131	24.450819	*
99	190.3097	164.83565	 	140.23077	165.66154	 	79.565475	89.15476	 	59.916218	62.55946	*	51.269913	26.482302	*
100	192.3838	163.98944	 	142.35715	166.31203	 	81.13905	95.31065	 	64.878784	67.166664	*	50.714287	31.510204	*
101	194.38153	162.71254	 	144.4624	166.47745	 	84.76786	102.71429	 	71.097084	73.87379	*	55.16055	39.766056	*
102	196.2234	161.40425	 	146.43939	166.59848	 	89.343376	109.85542	 	77.675	80.795	*	62.590908	46.345455	*
103	197.89781	160.67154	 	148.17938	166.44656	 	94.37116	115.94785	 	85.20202	86.48485	*	71.805786	51.863636	*
104	199.36142	160.12921	 	149.36465	166.13158	 	98.67532	119.844154	 	93.06684	90.39305	*	82.18696	55.586956	*
105	200.59259	159.73703	 	150.57692	165.85385	 	101.96	121.113335	*	100.38398	92.28453	*	94.209404	57.773506	*
106	201.71072	159.2203	 	151.70312	165.42969	 	104.35135	120.22973	*	106.65341	92.44886	*	105.71138	58.345528	 
107	202.64113	159.18549	 	152.7	165.16924	 	106.25694	116.888885	*	112.68644	90.63559	*	116.04032	57.39516	 
108	203.33614	159.79411	 	153.46094	165.00781	 	108.88461	112.52098	*	118.12637	87.82417	*	126.14567	55.830708	 
109	204.16228	160.85965	 	154.13567	164.84108	 	112.186134	107.58759	*	124.560776	84.588394	*	137.2111	54.233334	 
110	205.09276	162.4638	 	154.87209	164.99612	 	116.44074	102.58148	*	131.74858	81.72034	*	148.65	53.65	 
111	206.11032	164.4061	 	155.756	165.604	 	121.31203	98.07143	*	139.20589	79.24117	*	160.16429	53.75	 
112	207.1699	166.75243	 	156.7258	166.55646	 	127.014084	94.823944	*	146.67262	77.3631	*	171.02174	54.427536	 
113	208.27272	169.41919	 	157.90651	167.687	 	133.02348	92.01678	*	154.03206	75.833336	*	180.98837	54.802326	 
114	209.53609	171.97423	 	159.07259	169.16936	 	139.56944	89.375	*	161.30504	73.73899	*	190.35715	54.3797	 
115	211.07608	174.54347	 	160.51639	170.68852	 	146.53496	86.37412	*	169.05	71.18125	*	199.49254	52.768658	 
116	212.44595	176.7973	 	161.98781	171.78455	 	153.76897	83.56896	*	176.90506	68.01266	*	208.39148	50.37597	 
117	214.12637	178.45055	 	163.67741	172.65323	 	160.55518	80.748276	*	184.08974	64.48718	*	216.59023	47.61278	 
118	215.74599	179.45721	 	165.65874	172.77777	 	165.9702	78.31457	*	189.37097	60.558064	*	223.37302	44.365078	 
119	217.63298	179.2234	 	168.01909	172.11069	 	170.14084	75.79578	*	192.70755	56.14151	*	226.89024	39.45935	 
120	219.64136	177.92932	 	170.4084	170.79771	 	172.125	73.06944	*	193.41072	51.27381	*	226.41057	32.46748	 
121	221.37628	175.52061	 	172.4248	168.39473	 	170.96207	69.96896	*	189.95143	46.11714	*	221.83333	27.552631	 
122	222.6393	172.21144	 	174.35925	165.3963	 	166.0625	68.28125	*	182.39944	42.589386	*	214.7314	26.673553	*
123	223.7304	168.5049	 	175.55185	162.48518	 	162.07692	67.35897	*	176.5618	40.988766	*	208.40434	26.186956	*
124	224.58653	164.7548	 	176.21852	160.04074	 	158.31133	67.88994	*	171.22	41.077145	*	202.60257	26.217949	*
125	225.2612	161.56966	 	176.83588	157.93512	 	154.63837	68.78931	*	166.31609	41.61494	*	197.03098	26.146017	*
126	226.48592	158.71127	 	177.63333	155.92963	 	151.40909	69.8697	*	161.36932	42.096592	*	191.33333	26.201754	*
127	227.3295	156.15437	 	178.27037	153.87778	 	148.40184	70.94785	*	156.72728	42.664772	*	185.91965	26.241072	*
128	228.2234	154.1851	 	178.65152	151.82576	 	145.61656	72.61043	*	152.1175	43.97541	*	180.14285	26.223215	*
129	228.7563	152.42857	 	178.83083	150.12405	 	143.34146	74.35976	*	147.75424	45.398304	*	174.68349	26.28899	*
130	229.30556	151.63492	 	179.35402	149.01825	 	141.31818	76.29394	*	143.79776	46.977528	*	169.40178	26.651785	*
131	229.82433	151.56564	 	179.82089	148.67165	 	139.54294	78.13804	*	139.98619	48.64917	*	164.21428	26.758928	*
132	230.49225	151.80232	 	180.62782	148.63535	 	138.0	79.981926	*	136.54396	50.45055	*	158.87837	26.914415	*
133	231.30608	152.70912	 	181.61765	149.23529	 	136.7515	81.78144	*	133.2528	52.230335	*	153.63274	27.128319	*
134	232.3233	153.95488	 	182.65218	150.17392	 	135.09172	83.54142	*	129.68436	53.768158	*	148.15178	27.428572	*
135	233.54074	155.52592	 	183.79198	151.90146	 	133.4349	84.88461	*	126.44086	55.376343	*	142.89822	27.446903	*
136	234.84782	157.59058	 	185.02174	153.83333	 	132.1131	86.54762	*	123.146065	57.011234	*	137.5614	27.631578	*
137	236.32079	159.6362	 	186.4854	156.14963	 	131.13803	88.22392	*	120.26111	58.55	*	132.15218	27.865217	*
138	238.06934	161.68977	 	187.93796	158.93066	 	130.46297	89.296295	*	117.844635	59.980225	*	126.83036	28.196428	*
139	240.01428	163.83928	 	189.68248	161.6314	 	130.425	90.0875	*	115.626434	61.275864	*	121.45652	28.378262	*
140	242.02158	165.77698	 	191.52985	164.24626	 	131.28616	90.267296	*	114.095375	62.598267	*	115.96087	28.395653	*
141	243.97368	167.2614	 	193.41112	166.52963	 	133.11635	91.36163	 	114.19143	64.62	*	111.166664	29.551283	*
142	246.12816	167.56137	 	195.54546	168.12878	 	135.45181	95.97591	 	117.92246	68.60695	*	108.99495	32.742424	*
143	248.4258	166.5318	 	197.79457	168.83333	 	138.77647	103.21764	 	124.375595	74.782295	*	110.3	40.342106	*
144	250.71661	164.61552	 	200.42126	168.79134	 	143.18639	111.43491	 	131.07712	82.708954	*	116.20707	49.126263	*
145	252.75092	162.1691	 	202.6783	168.05814	 	148.45428	118.905716	 	137.38889	90.29227	*	123.7	56.195236	*
146	254.70447	159.76765	 	204.74428	166.58397	 	153.32248	124.29881	 	144.38083	95.992226	*	131.76213	61.567963	*
147	256.42426	157.55302	 	206.5376	165.0564	 	156.93637	126.28788	*	150.53192	98.164894	*	140.0283	64.537735	*
148	258.0498	155.61554	 	208.27942	163.20589	 	159.72156	124.99102	*	156.4121	96.95055	*	148.34906	64.179245	 
149	259.41464	154.28049	 	209.70149	161.32835	 	162.02975	121.22619	*	162.18912	93.56218	*	158.18594	61.45868	 
150	260.53003	153.37982	 	210.86154	159.77692	 	164.17879	115.99697	*	168.37628	89.27835	*	169.20634	57.746033	 
151	261.8421	153.48245	 	211.67424	158.33333	 	166.92592	109.49383	*	175.35858	84.5	*	182.13158	53.785713	 
152	262.51358	154.16063	 	212.3125	157.45312	 	170.20198	102.59271	*	182.5718	79.73077	*	194.56923	50.476925	 
153	263.3818	155.15454	 	213.07812	156.6875	 	174.32802	96.12421	*	190.0934	75.10989	*	206.77907	48.29845	 
154	264.22812	156.58755	 	213.66	156.212	 	179.23334	90.54	*	197.51149	71.52299	*	218.40552	47.192913	 
155	265.24655	158.15898	 	214.57086	156.01181	 	184.8481	86.139244	*	205.10378	68.68868	*	229.59091	46.757576	 
156	266.23584	159.72641	 	215.69048	155.96031	 	190.9079	82.6579	*	212.60828	66.608284	*	239.76984	47.06349	 
157	267.5145	161.11353	 	217.24603	156.34921	 	197.39404	79.1755	*	220.18831	64.64935	*	249.58943	47.247967	 
158	268.7108	162.74019	 	218.532	156.796	 	203.90541	76.02702	*	227.5	61.922077	*	258.62598	46.114174	 
159	269.55554	164.5202	 	219.66406	157.5	 	210.82867	72.85664	*	234.84616	58.846153	*	267.42062	44.134922	 
160	270.5	166.38144	 	220.7126	158.47638	 	217.12238	70.21329	*	241.39032	55.712902	*	275.292	41.46	 
161	271.52106	168.03159	 	221.82521	159.62195	 	222.4155	68.19014	*	246.57143	51.92857	*	281.5339	38.101696	 
162	272.53763	169.15054	 	223.388	160.636	 	226.17143	66.12857	*	249.5258	47.93871	*	284.36957	32.917393	 
163	273.62567	169.24316	 	224.78346	160.94882	 	227.39052	64.5365	*	249.66026	43.942307	*	283.86206	26.775862	 
164	274.79608	168.17598	 	226.23228	160.7441	 	226.04286	63.00714	*	246.63173	40.224552	*	279.9188	22.67094	 
165	275.48352	166.16484	 	227.25397	159.46825	 	221.34723	61.88889	*	239.81764	37.458824	*	273.1129	21.774193	*
166	275.46738	163.27718	 	227.36923	157.46924	 	216.15771	60.64765	*	232.92604	35.221893	*	266.47437	21.081196	*
167	274.6915	159.74467	 	226.61627	154.89536	 	211.54698	60.338924	*	227.25	34.625	*	260.4739	20.5	*
168	273.77084	156.66145	 	225.58333	152.69698	 	207.21242	60.787582	*	221.85152	34.67576	*	254.7521	20.306723	*
169	272.77225	153.8822	 	224.69084	150.37022	 	203.1129	61.396774	*	216.70122	34.77439	*	249.13158	20.350878	*
170	272.395	151.28	 	223.98148	147.72963	 	199.3726	62.022293	*	211.55263	35.04971	*	243.43333	20.3	*
171	271.68484	148.92654	 	223.25757	145.2197	 	195.77216	62.930378	*	206.60059	35.618343	*	237.72223	20.3547	*
172	271.4914	146.99138	 	222.66418	142.86568	 	192.83736	64.13253	*	202.07558	36.38372	*	232.17522	20.311966	*
173	271.39957	145.41214	 	222.23529	140.83089	 	190.27216	65.44304	*	197.38506	37.304596	*	226.8421	20.438597	*
174	271.3421	144.1923	 	222.00746	139.29105	 	187.82121	66.990906	*	193.28035	38.442196	*	221.11864	20.70339	*
175	271.368	143.288	 	221.8435	138.2939	 	185.91975	68.833336	*	189.07143	39.997143	*	215.78947	20.90351	*
176	271.38373	142.9845	 	221.90442	137.77206	 	183.9759	70.59036	*	185.23596	41.7191	*	210.4913	21.030436	*
177	271.33206	142.9084	 	221.73529	137.50735	 	182.20415	72.36391	*	181.60497	43.151936	*	205.27193	21.236841	*
178	271.26865	143.33209	 	221.67911	137.7388	 	180.27576	73.84545	*	177.88673	44.676796	*	199.8793	21.560345	*
179	271.17526	143.70296	 	221.573	138.04015	 	178.1568	75.59467	*	174.17416	46.297752	*	194.65178	21.741072	*
180	271.0861	144.27289	 	221.5	138.94118	 	175.76627	76.78403	*	170.43956	47.57143	*	189.36607	21.8125	*
181	271.02747	144.69048	 	221.21533	139.76277	 	173.54167	78.5119	*	166.75824	48.917583	*	183.9	21.845455	*
182	270.86786	145.14642	 	221.05882	140.57353	 	171.429	79.71302	*	162.96927	50.40503	*	178.5	22.195652	*
183	270.86072	145.31429	 	221.11765	141.33089	 	169.72156	80.95509	*	159.70111	51.784916	*	173.20435	22.291304	*
184	270.93356	145.15034	 	221.28261	142.27536	 	168.20122	82.060974	*	156.20787	52.893257	*	167.6282	22.346153	*
185	271.2168	144.93007	 	221.59775	143.297	 	166.58589	82.41411	*	153.02515	53.963688	*	162.34348	22.31739	*
186	271.6555	144.5106	 	221.95926	144.55927	 	165.60559	82.48758	*	149.92134	54.41011	*	156.6913	22.456522	*
187	271.6142	144.00865	 	222.22388	145.83582	 	164.58075	82.2205	*	147.24854	54.95614	*	151.40434	22.378262	*
188	271.26843	143.91754	 	222.22728	147.09848	 	163.70253	81.67088	*	144.58876	55.12722	*	146.13963	22.418919	*
189	271.06793	144.01917	 	222.1923	148.04616	 	163.43082	81.179245	*	142.37428	55.654285	*	140.9649	22.561403	*
190	270.94864	144.40411	 	222.11111	148.63492	 	162.8718	81.839745	*	141.17252	56.938595	*	136.42308	23.009615	*
191	270.72836	144.88754	 	221.9758	148.91936	 	163.09146	85.20731	 	142.72905	59.483242	*	133.90207	24.63402	*
192	270.3993	145.10417	 	221.61111	149.0873	 	164.5	90.15644	 	147.03297	62.824177	*	133.57594	27.803797	*
193	269.9863	145.16096	 	220.77777	149.22223	 	166.81482	95.35185	 	151.69893	67.02688	*	136.51176	32.217648	*
194	269.3456	144.99123	 	219.87903	149.04033	 	168.9129	100.38387	 	156.78334	71.28333	*	142.04082	36.27551	*
195	268.52112	144.67606	 	218.85484	148.4758	 	170.28418	104.56475	 	162.40698	75.540695	*	149.32906	39.807693	*
196	267.27466	144.09859	 	217.604	148.092	 	170.58871	106.8629	*	167.4625	78.825	*	158.61852	43.122223	*
197	265.6555	143.70848	 	215.7683	147.5	 	170.66924	107.04615	*	171.53145	79.776726	*	166.41216	44.966217	*
198	263.82852	143.74188	 	213.72047	147.0433	 	169.81007	104.68604	*	174.26506	78.09036	*	173.2902	44.43007	 
199	261.75	143.96739	 	211.58661	146.27165	 	169.11429	100.13571	*	176.33333	74.655556	*	180.70161	42.66129	 
200	259.51108	144.2048	 	209.156	145.484	 	168.28322	94.26923	*	179.11363	70.42614	*	188.50793	39.873016	 
201	257.0539	144.3922	 	206.812	144.748	 	168.52759	88.155174	*	182.6875	66.25	*	197.42914	37.81496	 
202	254.80652	144.38506	 	204.375	143.70312	 	169.64685	82.465034	*	186.71875	62.6125	*	205.82787	36.598362	 
203	252.128	144.676	 	201.74219	142.69531	 	171.44406	76.947556	*	190.83333	59.04	*	213.80894	36.093494	 
204	249.84854	144.91078	 	199.37903	141.67741	 	174.32481	72.040146	*	195.80496	55.734043	*	222.03659	35.760162	 
205	247.30974	145.49115	 	196.95967	140.7258	 	178.48529	66.73529	*	201.05714	52.1	*	230.33594	34.992188	 
206	244.94292	146.30821	 	194.82259	139.91936	 	183.469	61.717052	*	206.93884	48.07554	*	238.38806	33.11194	 
207	242.51888	147.12737	 	192.652	139.252	 	189.31538	57.369232	*	213.50757	44.090908	*	246.53847	30.715385	 
208	240.26414	147.91982	 	190.788	138.372	 	194.80232	53.779068	*	219.74088	40.748177	*	253.94531	28.601562	 
209	238.29227	148.5	 	188.96825	137.42857	 	199.18	50.996	*	224.66788	37.30292	*	260.4453	26.28125	 
210	236.52325	148.9093	 	187.652	136.668	 	201.38373	48.794575	*	226.88	33.353333	*	263.28125	22.140625	 
211	235.11261	148.82883	 	186.652	135.668	 	201.11069	46.270992	*	225.98407	28.48726	*	261.3889	15.303419	 
212	233.8728	148.14912	 	185.68898	134.16142	 	196.50685	44.547947	*	219.90854	25.0	*	255.33333	13.816667	*
213	233.05508	146.73729	 	184.80708	132.54724	 	191.3138	43.893105	 	213.13803	23.309816	*	248.83333	13.2027025	*
214	232.10251	144.85565	 	183.884	131.284	 	186.83987	43.9183	*	207.68518	22.74074	*	242.89655	12.939655	*
215	231.67741	142.89516	 	183.316	129.436	 	182.23685	44.74342	*	202.43333	22.869698	*	237.05652	12.804348	*
216	231.33076	140.83076	 	182.91861	127.49225	 	177.84161	45.6118	*	196.65294	23.241177	*	231.18695	12.665217	*
217	231.32307	138.8077	 	182.91733	126.1063	 	173.45653	46.779503	*	191.4521	23.673653	*	225.3108	12.436937	*
218	231.78308	137.28676	 	182.7197	125.02273	 	169.51852	48.179012	*	186.16478	24.170454	*	219.50917	12.362386	*
219	232.06554	136.0206	 	183.15892	124.73256	 	165.97531	49.796295	*	181.06976	25.023256	*	213.5283	12.349056	*
220	232.89552	135.40298	 	183.67165	124.649254	 	162.65338	51.616566	*	176.19363	25.742775	*	207.8211	12.279817	*
221	233.86703	135.11798	 	184.54477	125.32089	 	159.60493	53.555557	*	171.30814	26.726744	*	202.07272	12.263637	*
222	234.86703	135.11798	 	185.46297	126.07037	 	156.92197	55.83526	*	166.7	28.11111	*	196.34348	12.57826	*
223	235.90152	135.29924	 	186.40442	126.875	 	154.48215	58.27381	*	162.30663	29.964088	*	190.8578	12.665137	*
224	236.84445	135.66296	 	187.19344	127.777374	 	152.3631	60.934525	*	157.84595	31.883783	*	185.3174	12.83913	*
225	237.88951	136.14793	 	188.08696	128.67392	 	150.45808	63.41617	*	153.70338	33.88983	*	179.67273	13.027273	*
226	239.05556	136.86296	 	189.26596	129.84752	 	148.99123	65.64035	*	149.82973	35.721622	*	174.2913	13.343478	*
227	240.26208	138.02417	 	190.59352	131.22662	 	147.82143	67.88095	*	146.52162	37.672974	*	169.0351	13.482456	*
228	241.7967	139.67949	 	191.76573	133.21329	 	146.3639	69.92012	*	143.21039	39.494537	*	163.84746	13.779661	*
229	243.07509	141.70146	 	193.0	135.76389	 	144.9881	71.690475	*	139.8077	41.203297	*	158.51755	14.0	*
230	244.58824	144.22794	 	194.36897	138.58966	 	143.59883	73.389534	*	136.79121	42.96154	*	153.27391	14.143478	*
231	246.10583	146.69344	 	195.72069	141.65862	 	142.29411	74.86471	*	133.65935	44.51099	*	147.76315	14.333333	*
232	247.65329	149.573	 	197.55634	145.00705	 	141.18048	76.51183	*	130.62569	46.17213	*	142.19565	14.639131	*
233	249.17279	152.60294	 	199.11539	148.18532	 	140.81482	77.78395	*	128.00555	47.91111	*	136.46721	14.827868	*
234	250.73529	155.59558	 	200.78473	151.58333	 	141.4632	78.26687	*	125.79944	49.223164	*	130.692	15.244	*
235	252.04579	158.59525	 	202.03192	154.98227	 	142.5641	78.0641	*	124.045975	50.41379	*	125.223076	15.7384615	*
236	253.32089	161.57463	 	203.46404	158.26259	 	143.7973	77.310814	*	122.91765	51.464706	*	119.848145	16.211111	 
237	254.48508	164.11194	 	204.43333	160.95926	 	145.48666	77.44666	 	122.65294	52.941177	*	115.36487	17.06081	 
238	255.78787	165.63637	 	205.625	163.04411	 	146.82076	80.04717	 	124.40909	54.982956	*	112.289474	18.572369	 
239	257.3022	166.08241	 	206.64285	164.4624	 	147.7081	85.476875	 	129.12886	58.159794	*	111.81356	23.008474	 
240	258.70074	165.5	 	208.20677	165.32707	 	149.1923	93.18047	 	135.575	64.165	*	118.23333	30.442858	*
241	260.13434	164.20149	 	209.65152	165.88637	 	152.1647	101.39412	 	141.71213	71.76263	*	127.93299	36.840206	*
242	261.17828	162.51163	 	210.97015	165.97762	 	155.88324	108.82336	 	147.8979	79.09162	*	138.22528	42.895603	*
243	262.1124	160.70155	 	212.08209	165.34328	 	159.65338	114.31595	 	153.96114	84.70725	*	146.6132	48.150944	*
244	262.55667	158.86032	 	212.7093	164.46124	 	162.7745	117.02287	*	159.52762	87.743095	*	153.55714	51.77619	*
245	262.87448	157.43617	 	213.19403	163.32835	 	164.91026	116.660255	*	164.67978	88.01685	*	160.42035	53.252213	 
246	262.71906	156.18571	 	213.5	161.93182	 	166.83557	114.13758	*	170.04749	86.399445	*	168.99153	52.550846	 
247	263.1439	155.7244	 	213.8158	160.90602	 	168.58276	110.01724	*	175.41304	83.79891	*	179.26033	51.128098	 
248	263.34973	155.74353	 	214.04546	160.06818	 	170.87595	105.42481	*	181.0	80.93011	*	189.79662	49.449154	 
249	263.85638	156.25533	 	214.35497	159.55344	 	173.71642	100.63433	*	186.80107	77.86559	*	199.56557	47.85246	 
250	264.47803	157.32417	 	214.76613	159.19354	 	177.01938	96.050385	*	192.80058	75.24567	*	209.14407	47.025425	 
251	265.1011	158.77322	 	215.39682	158.95238	 	181.0	91.850746	*	198.78491	72.74581	*	218.452	46.38	 
252	265.86264	160.23627	 	215.94263	158.81148	 	185.65038	88.206764	*	204.77586	70.36781	*	227.68182	45.847107	 
253	266.80115	161.61932	 	216.88843	158.98761	 	191.05797	84.64493	*	211.3	67.78824	*	236.77118	44.81356	 
254	267.69525	163.21005	 	217.94263	159.40164	 	197.43793	80.60345	*	218.71965	64.41329	*	246.15079	43.190475	 
255	268.88324	164.72754	 	219.32645	159.76447	 	204.6218	76.46154	*	227.07396	60.488167	*	256.5238	41.103176	 
256	269.89877	166.30368	 	220.59166	160.16667	 	211.90741	72.65432	*	235.21765	56.770588	*	266.5238	39.0	 
257	271.01807	167.72289	 	222.31667	160.78334	 	219.3481	69.27215	*	243.04546	53.039394	*	275.88333	36.875	 
258	272.2736	169.10378	 	223.76666	161.06667	 	225.56963	66.525314	*	249.16049	49.04938	*	283.2456	33.754387	 
259	273.7405	169.79114	 	225.68033	160.95901	 	230.14285	64.36364	*	253.08125	44.90625	*	287.37827	28.795652	 
260	275.34076	169.20064	 	227.80328	160.07378	 	232.05263	62.00658	*	253.62195	40.762196	*	287.52704	23.328829	 
261	276.8291	167.58228	 	229.692	158.444	 	230.41391	59.97682	*	250.05357	36.910713	*	283.19565	20.473913	 
262	277.82925	165.02438	 	231.01938	156.08914	 	225.83333	58.632076	*	243.24576	34.07062	*	276.85397	19.32301	*
263	277.90964	161.75903	 	231.22223	153.3254	 	221.4	57.81875	*	237.29167	32.660713	*	270.43695	19.031532	*
264	277.52298	158.54024	 	230.68254	150.71428	 	217.046	58.266872	*	232.10234	32.605263	*	264.83035	18.901785	*
265	276.79587	155.51775	 	230.08594	148.11719	 	212.91615	58.947205	*	226.85088	32.7807	*	259.12964	18.768518	*
266	276.14642	152.91989	 	229.0	145.85385	 	208.89635	59.84756	*	221.6854	33.21348	*	253.36916	18.5	*
267	275.16666	150.56989	 	227.56015	143.51505	 	205.16667	60.820988	*	216.46552	33.63793	*	247.54672	18.518692	*
268	274.33575	148.78986	 	226.51492	141.51492	 	201.39635	61.82927	*	211.5	34.28453	*	241.95454	18.554546	*
269	273.22937	147.11926	 	224.99635	139.5365	 	197.954	63.003067	*	206.75862	34.683907	*	236.27359	18.85849	*
270	271.98727	145.92796	 	223.55882	137.63971	 	194.59525	64.23214	*	201.94382	35.58989	*	230.64815	18.88889	*
271	270.62918	145.05	 	222.32353	136.31618	 	191.5061	65.43293	*	197.45428	36.591427	*	225.1	19.081818	*
272	269.28967	144.59126	 	220.67392	135.52174	 	188.04971	66.809944	*	192.5	37.822403	*	219.73424	19.202703	*
273	267.54297	144.125	 	218.97446	135.09125	 	184.48204	68.23653	*	187.95	38.97778	*	214.09813	19.21028	*
274	265.53845	144.1077	 	216.8662	135.03522	 	180.47127	69.333336	*	183.05191	40.01366	*	208.57408	19.416666	*
275	262.77756	144.25285	 	214.20422	135.04225	 	176.52353	70.252945	*	178.04892	40.826088	*	202.90909	19.518183	*
276	259.62222	144.4926	 	211.0625	135.24306	 	172.38823	71.15882	*	172.93784	41.483784	*	197.20642	19.518349	*
277	256.3118	144.6144	 	207.52837	135.51419	 	168.19048	72.00595	*	168.04144	42.201656	*	191.72728	19.572727	*
278	252.97122	144.7518	 	204.0238	136.0034	 	163.78235	72.84118	*	162.86559	42.978493	*	185.95615	19.605263	*
279	249.66727	144.59454	 	200.61348	136.4929	 	159.54094	73.45322	*	157.89572	43.639038	*	180.12163	19.599098	*
280	246.2061	144.34946	 	197.33803	136.97183	 	155.11363	74.23864	*	152.69252	44.334225	*	174.24107	19.660715	*
281	243.1219	144.0265	 	194.18056	137.13194	 	150.92352	74.829414	*	147.64973	44.863636	*	168.57272	19.745455	*
282	240.06738	143.40071	 	191.28322	137.2063	 	146.77586	75.39655	*	142.7246	45.47861	*	162.92342	19.725225	*
283	237.37152	142.81598	 	188.36713	137.26224	 	142.99411	75.92353	*	138.03226	46.182796	*	157.40741	19.722221	*
284	234.44827	142.18965	 	185.52127	137.5922	 	139.00877	76.71638	*	133.3172	46.677418	*	151.91072	19.732143	*
285	231.43857	141.971	 	182.42857	137.76428	 	134.79884	76.98276	*	128.45213	47.095745	*	146.31982	19.545046	*
286	227.96367	142.0467	 	179.17831	138.04546	 	130.11403	77.59357	*	123.37166	47.45722	*	140.40991	19.581081	*
287	224.39966	142.26817	 	175.74265	138.39706	 	125.875725	77.86416	*	118.302086	47.828125	*	134.61711	19.581081	*
288	220.85034	142.7483	 	172.30435	139.09421	 	121.435295	78.51765	*	113.20968	48.35484	*	128.83333	19.59649	*
289	217.60403	143.24161	 	169.01096	139.82117	 	117.42941	78.81765	*	108.43158	48.64737	*	123.27477	19.608109	*
290	214.40443	144.029	 	165.90909	140.89394	 	113.37647	79.42353	*	103.84054	49.105404	*	117.527275	19.618181	*
291	211.34068	145.01187	 	162.99254	142.22388	 	109.70482	79.96385	*	99.33784	49.791893	*	112.19911	19.588495	*
292	208.17577	146.19966	 	159.85878	143.89694	 	106.1	80.59697	*	94.941986	50.44475	*	106.556076	19.640186	*
293	205.12251	147.43047	 	156.88461	145.34616	 	102.652435	81.25	*	90.58602	51.075268	*	101.19231	19.688034	*
294	202.01701	148.57143	 	153.91861	146.93411	 	98.85849	81.40566	*	86.14445	51.55	*	95.31982	19.77928	*
295	199.12962	149.97137	 	151.09091	148.4697	 	95.35987	81.76115	*	81.76923	52.005493	 	89.53571	19.955357	*
296	196.55461	151.40443	 	148.62308	150.23077	 	91.95033	82.102646	*	77.37571	52.70339	 	84.057526	20.039824	*
297	194.15411	152.9315	 	145.89694	151.94275	 	88.864235	82.460266	*	73.45	53.261112	 	78.47414	20.112068	*
298	191.84035	154.28947	 	143.47728	153.27272	 	86.180275	83.037415	*	70.02247	54.264046	*	73.058556	20.211712	*
299	189.3641	155.4791	 	140.75565	154.4248	 	84.09477	84.702614	*	67.4023	56.11494	*	67.99565	20.986956	*
300	186.56029	156.2234	 	137.62978	155.17175	 	82.73125	87.99375	 	66.80899	58.977528	*	64.11539	22.692308	*
301	183.42253	156.72183	 	134.16917	155.68045	 	81.86628	93.37209	 	68.52162	63.813515	*	61.77957	26.413979	*
302	180.04015	157.14233	 	130.92105	155.99625	 	81.44118	99.829414	 	70.54813	70.05615	*	61.7	32.988888	*
303	177.00735	157.34558	 	127.862206	156.35039	 	80.98588	106.579094	 	71.59042	77.10107	*	63.370968	39.973118	*
304	174.21053	157.52632	 	124.77907	156.94186	 	80.29042	112.17066	 	72.45628	82.7623	*	65.36793	45.962265	*
305	171.20454	158.0303	 	121.89844	157.85156	 	78.9875	115.53125	*	74.743095	86.3674	*	68.02941	51.07143	*
306	168.62402	158.58914	 	119.292305	158.6077	 	77.2013	116.0	*	77.443184	87.60227	*	73.53278	54.45082	*
307	166.1	159.42941	 	116.684	159.092	 	75.645836	113.22222	*	80.614944	86.40804	*	82.06934	54.01825	*
308	163.75296	160.30237	 	114.29365	159.53175	 	75.03237	108.442444	*	84.20857	83.54	*	91.27444	52.37218	 
309	161.20125	161.06017	 	111.764	159.612	 	75.39436	102.40845	*	88.65029	79.81792	*	100.90876	50.645985	 
310	158.92677	162.01465	 	109.29365	159.5238	 	76.96479	96.485916	*	93.28443	76.23054	*	110.80657	49.37591	 
311	156.6272	163.17982	 	106.879036	159.56451	 	79.56383	90.62766	*	98.45757	72.60909	*	121.161766	48.77206	 
312	154.32805	164.37782	 	104.666664	159.50793	 	83.14789	85.098595	*	103.947205	69.108696	*	130.55225	48.47015	 
313	152.31429	165.57619	 	102.620964	159.18549	 	87.54929	79.76057	*	109.64907	64.940994	*	139.05469	46.953125	 
314	150.585	166.64	 	100.81405	158.98761	 	92.22109	75.15306	*	115.32208	60.733128	*	146.77068	44.364662	 
315	148.84358	167.47949	 	99.37288	158.62712	 	97.20629	70.83566	*	120.97742	56.37742	*	153.91861	41.313953	 
316	147.29274	168.09067	 	98.11539	158.03847	 	101.58965	67.38276	*	125.76115	52.124203	*	160.04546	38.053032	 
317	146.20833	168.26042	 	97.2623	157.11476	 	105.017006	64.08504	*	129.06522	47.357143	*	164.52325	33.81783	 
318	145.05276	168.15326	 	96.91322	156.11983	 	107.08784	60.993244	*	130.72891	42.373493	*	166.03906	27.726562	 
319	144.65025	167.21503	 	96.74603	154.46031	 	107.554054	58.37838	*	130.20059	37.577843	*	164.50827	21.376034	 
320	144.37439	165.77536	 	96.941864	152.60852	 	104.07325	56.729298	*	125.09322	34.240112	*	159.2	19.66154	 
321	144.50479	163.41866	 	97.10465	150.87209	 	98.82903	56.087097	 	118.15143	32.254284	*	152.49213	18.783464	*
322	144.65138	161.04129	 	97.05725	149.26335	 	94.8735	55.746986	*	112.85838	31.413296	*	146.67073	18.491869	*
323	145.00917	158.94954	 	97.26336	148.09541	 	91.006096	56.67683	*	107.809944	31.804094	*	141.09166	18.266666	*
324	145.84666	157.23778	 	97.67829	147.03488	 	87.35542	58.066265	*	102.892044	32.232956	*	135.50833	18.208334	*
325	146.67937	155.65695	 	98.53817	146.53816	 	83.85119	59.309525	*	97.86207	32.948277	*	129.78696	18.204348	*
326	147.45132	154.35841	 	99.371216	145.73485	 	80.68343	60.908283	*	92.994316	33.409092	*	124.144066	18.186441	*
327	148.1856	153.13756	 	99.71212	144.97728	 	77.75	62.339287	*	88.34831	34.207867	*	118.55085	18.254238	*
328	148.46187	151.96187	 	100.169174	144.22932	 	74.91521	63.850876	*	83.59091	35.002674	*	112.98305	18.228813	*
329	149.10085	150.9874	 	100.51492	143.45523	 	72.3631	65.41071	*	79.05914	36.123657	*	107.41453	18.200855	*
330	149.46774	150.21371	 	100.911766	142.72794	 	69.85227	67.05114	*	74.84595	37.31081	*	101.70168	18.441177	*
331	150.13095	149.78175	 	101.20073	142.29562	 	67.608574	68.78	*	70.45676	38.86757	*	96.432205	18.635593	*
332	150.4451	149.87254	 	101.528984	142.41304	 	65.155174	70.55747	*	66.45238	40.44709	*	90.893166	18.73077	*
333	150.84375	150.19531	 	101.82143	142.97858	 	62.935028	72.556496	*	62.52128	42.18085	*	85.773506	18.918804	*
334	151.25984	151.05511	 	102.10839	144.08742	 	60.442856	74.43143	*	58.30214	43.906418	*	80.09836	19.270493	*
335	151.4127	152.4127	 	102.15493	145.75352	 	58.028408	75.97727	*	54.212765	45.361702	*	74.7459	19.377048	*
336	151.37796	154.03937	 	102.09155	147.66902	 	55.430233	77.48256	*	50.247368	46.752632	*	69.231705	19.475609	*
337	151.30156	155.90855	 	101.923615	149.79861	 	53.038013	78.72807	*	46.252632	47.84737	*	63.658333	19.625	*
338	151.02272	157.67802	 	101.63571	152.08571	 	50.17052	79.742775	*	42.01613	48.919353	*	58.093494	19.621952	*
339	150.92697	159.55992	 	101.52098	154.5	 	47.529068	80.65116	*	38.416668	50.0	*	52.72314	19.847107	*
340	150.94775	161.40298	 	101.58029	156.90875	 	45.364704	81.6	*	34.87968	51.05615	*	47.29832	20.021008	*
341	151.43863	163.05957	 	101.85915	159.14789	 	43.565475	82.59524	*	31.648352	52.175823	*	41.68182	20.185951	*
342	151.93542	164.65868	 	102.40071	161.43617	 	41.947205	83.30746	*	28.334253	53.21823	*	36.090164	20.278688	*
343	152.72302	166.20503	 	102.89568	163.93166	 	40.547337	83.80177	*	25.39326	54.19663	*	30.588	20.676	*
344	153.7258	167.42831	 	103.5	166.11029	 	39.757668	84.65951	*	23.045977	55.91379	*	24.940945	21.14567	*
345	154.70422	168.25352	 	104.28832	168.11314	 	39.808178	86.254715	 	21.82948	58.251446	*	20.109375	22.234375	*
346	155.29578	168.43661	 	104.88931	169.69847	 	40.54938	89.57407	 	22.95055	61.42857	*	16.890244	24.264227	 
347	155.53146	167.8007	 	105.2594	170.3045	 	41.85294	95.58235	 	27.195	66.555	*	15.598214	29.482143	*
348	155.23776	166.2972	 	105.34733	170.44656	 	44.33432	103.04438	 	32.10914	73.44416	*	18.719048	37.719048	*
349	154.84859	164.77464	 	105.30451	170.19173	 	47.72807	110.73977	 	36.925	81.475	*	24.845795	45.32243	*
350	154.67375	163.3156	 	105.280304	169.34848	 	51.184525	117.65476	 	41.852333	88.48446	*	31.490992	52.23874	*
351	154.539	162.21277	 	105.21212	168.49243	 	54.0509	123.00898	 	47.13158	93.8421	*	37.9	57.863636	*
352	154.15694	161.61314	 	104.91085	168.12015	 	55.657234	125.298744	*	51.66201	96.276535	*	44.632744	60.96018	*
353	153.8146	161.20787	 	104.50764	167.35497	 	56.55921	125.23026	*	55.99724	96.64917	*	52.263157	62.201756	 
354	153.41373	161.1706	 	104.01145	167.08778	 	56.695805	123.19231	*	59.592487	95.95665	*	59.204	62.028	 
355	152.89095	161.33539	 	103.4375	167.05469	 	56.725563	120.7406	*	62.604652	94.575584	*	65.01492	61.5597	 
356	152.35654	161.84177	 	102.64173	167.00394	 	57.042637	117.74031	*	65.33735	92.951805	*	70.65748	60.972443	 
357	152.01555	162.50444	 	102.068	167.02	 	57.54762	114.67461	*	67.94643	90.82738	*	76.29032	59.870968	 
358	151.61111	163.44667	 	101.49219	167.19531	 	58.62	111.5	*	70.59036	88.66868	*	82.05118	58.901573	 
359	151.28441	164.60092	 	101.0042	167.2395	 	60.00413	108.02892	*	73.72156	86.79341	*	88.33594	57.960938	 
360	151.06075	165.78038	 	100.71774	167.53226	 	62.174797	105.126015	*	77.48137	85.139755	*	94.840744	57.551853	 
361	150.90465	167.1558	 	100.7377	167.70493	 	64.85773	102.337395	*	81.89744	83.3141	*	101.24603	57.103176	 
362	151.04028	168.37204	 	100.611115	168.29366	 	68.068	99.74	*	86.05769	81.38461	*	107.531494	56.137794	 
363	151.0314	169.97826	 	100.75397	168.95238	 	71.808945	96.54065	*	90.71795	79.17949	*	114.176926	55.03077	 
364	151.09605	171.766	 	100.84677	169.89516	 	76.3806	92.910446	*	96.2125	76.0625	*	121.72059	53.183823	 
365	151.38889	173.82828	 	101.02586	171.31897	 	82.07143	89.12857	*	102.87579	72.391716	*	130.40071	51.102837	 
366	151.66837	175.9847	 	101.691666	172.64166	 	88.42857	85.78571	*	110.05696	69.12658	*	139.28322	49.094406	 
367	152.43085	178.2234	 	102.47479	174.02101	 	94.702896	83.03623	*	117.0641	66.166664	*	148.2218	47.665413	 
368	153.36339	180.29234	 	103.542015	175.44118	 	100.218124	81.10403	*	122.87908	63.31046	*	155.7406	46.093987	 
369	154.56215	181.68645	 	104.80252	176.60924	 	104.55442	79.418365	*	126.99342	60.092106	*	160.53175	42.81746	 
370	155.80682	182.44887	 	106.47436	177.17522	 	106.923615	78.09028	*	128.15625	56.625	*	161.61023	37.807087	 
371	157.23529	182.08235	 	108.20339	177.04237	 	107.375	76.701385	*	127.15605	53.124203	*	159.11476	32.311474	 
372	158.55113	180.47728	 	109.64634	176.02032	 	105.83108	74.939186	*	123.614944	49.528736	*	154.33076	27.36923	 
373	159.01413	177.94067	 	110.51613	174.00807	 	101.26351	73.682434	*	116.7623	46.614754	*	147.91911	26.419117	*
374	158.80319	174.66489	 	110.41473	171.20543	 	96.28344	71.742035	*	109.63661	43.871586	*	141.09541	25.545801	*
375	158.04774	170.99748	 	109.57752	167.99612	 	91.758064	70.86129	*	104.126434	42.50575	*	135.26562	25.015625	*
376	157.41176	167.40196	 	108.74219	165.20312	 	87.50621	70.984474	*	98.67319	42.416203	*	129.57634	24.835878	*
377	156.59616	164.57692	 	107.80159	162.46825	 	83.604935	71.52469	*	93.505684	42.585228	*	123.78125	24.828125	*
378	156.20506	161.947	 	107.19173	159.71805	 	79.810974	72.17073	*	88.3771	43.013966	*	117.953125	24.742188	*
379	155.67545	159.85088	 	106.57087	157.50787	 	76.59816	73.16871	*	83.637146	43.51143	*	112.468254	24.769842	*
380	155.45319	158.28723	 	106.151855	155.52963	 	73.592026	74.43865	*	78.882515	44.396175	*	106.708	24.924	*
381	155.24074	157.23662	 	105.666664	153.85606	 	70.83132	75.789154	*	74.42973	45.613514	*	101.30645	25.016129	*
382	154.9745	156.4098	 	105.318184	152.69698	 	68.248505	77.553894	*	70.0946	47.094593	*	95.628	25.196	*
383	154.77907	156.12402	 	105.08209	151.94775	 	66.13636	79.1303	*	66.067566	48.62973	*	90.201614	25.39516	*
384	154.79167	156.30682	 	105.161766	151.85294	 	64.13636	80.80909	*	62.239132	50.413044	*	84.84167	25.541666	*
385	154.92105	156.83458	 	105.32222	152.16667	 	62.386906	82.44643	*	58.721054	51.821053	*	79.7	25.65	*
386	155.11655	157.6203	 	105.57576	152.87878	 	60.363907	84.19231	*	55.195652	53.461956	*	73.96667	26.175	*
387	155.42883	158.83333	 	105.80827	153.92105	 	58.541668	85.625	*	51.64054	55.078377	*	68.62605	26.432774	*
388	155.78731	160.32089	 	106.06716	155.46269	 	56.404762	86.708336	*	47.945652	56.211956	*	63.27311	26.407562	*
389	156.08394	161.80292	 	106.35401	157.10583	 	54.221893	87.58876	*	44.327957	57.241936	*	57.743904	26.808943	*
390	156.8249	163.53249	 	106.78148	159.35185	 	51.984276	88.3239	*	40.76776	58.150272	*	52.252068	26.657024	*
391	157.53226	165.36021	 	107.469925	161.8609	 	49.969513	88.847565	*	37.199455	59.030056	*	46.76829	26.792683	*
392	158.4258	167.22084	 	108.159256	164.38889	 	48.11006	89.254715	*	33.86313	59.946926	*	41.028927	26.913223	*
393	159.28473	168.81598	 	108.80827	167.0564	 	47.05625	89.55625	*	31.072222	60.766666	*	35.67073	26.987804	*
394	160.48592	169.98944	 	109.833336	169.22093	 	46.538216	90.23885	*	28.904625	62.00867	*	30.336065	27.590164	*
395	161.66902	170.57394	 	111.276924	171.1923	 	46.753166	92.08861	 	28.16854	64.505615	*	25.762295	28.967213	*
396	163.1655	170.04225	 	112.671875	172.04688	 	47.57738	96.66071	 	30.34127	68.65344	*	22.986238	31.931192	*
397	164.6579	168.72105	 	114.54615	172.00769	 	49.812138	103.75433	 	35.265854	75.085365	*	22.754717	39.132076	*
398	166.06891	166.71555	 	116.030304	171.33333	 	54.002995	111.21258	 	40.414143	82.89899	*	25.846535	47.77723	*
399	167.47173	164.59541	 	117.27612	170.33582	 	59.350574	118.5115	 	45.68593	90.404526	*	30.928572	55.705357	*
400	168.47464	162.79347	 	118.16165	169.28195	 	64.21258	124.27844	 	51.269634	96.295815	*	35.91228	61.850876	*
401	169.34782	161.37318	 	119.06716	168.1194	 	67.93636	127.83939	 	57.28534	99.60995	*	42.190266	66.20796	*
402	170.23134	160.45149	 	119.9812	167.16165	 	70.46875	128.75626	*	63.45213	100.30319	*	50.570797	67.641594	*
403	171.21747	159.84944	 	120.80534	166.53053	 	72.60976	127.82927	*	69.70106	99.42593	*	61.23109	66.4916	*
404	172.20769	159.9423	 	121.70611	166.2939	 	74.58074	125.804344	*	75.617645	98.01337	*	72.38618	65.11789	 
405	173.20967	160.44354	 	122.815384	166.22308	 	76.54402	122.78302	*	81.78648	96.28919	*	83.41338	64.05118	 
406	174.3159	161.60042	 	123.79457	166.8876	 	78.86	119.19334	*	87.097885	94.05026	*	92.95238	63.103176	 
407	175.38052	163.08408	 	124.80232	167.18993	 	81.66327	115.091835	*	92.674866	91.43989	*	102.91085	61.515503	 
408	176.7591	164.9	 	126.140625	167.97656	 	84.97586	110.96207	*	98.656425	89.036316	*	112.60294	60.294117	 
409	178.06604	166.71227	 	127.242424	168.7197	 	89.05319	106.85461	*	104.90341	86.40341	*	122.5229	59.423664	 
410	179.39552	168.53482	 	128.54	169.484	 	93.68792	103.5	*	111.43642	84.15318	*	132.28358	58.5	 
411	180.56122	170.65306	 	129.63934	170.33606	 	99.32517	99.74476	*	118.40588	81.35294	*	141.92537	57.49254	 
412	182.03368	172.68135	 	131.04839	171.25807	 	105.45946	95.85135	*	125.80539	78.36826	*	151.93661	56.380283	 
413	183.41534	174.80688	 	132.51639	172.29507	 	112.46622	91.73649	*	134.01234	75.14815	*	162.20073	55.00365	 
414	184.84616	176.82417	 	133.92741	173.55646	 	120.08	88.21333	*	142.42073	72.01219	*	172.67392	53.405796	 
415	186.4045	178.70224	 	135.60744	174.57439	 	128.02414	84.7	*	151.1478	68.49371	*	182.9	51.603703	 
416	187.88954	180.06395	 	137.40083	174.99586	 	134.90137	81.636055	*	158.25	64.65	*	191.79851	49.08209	 
417	189.56395	180.36627	 	139.30487	174.90651	 	140.04794	78.4589	*	162.97134	59.563694	*	197.36719	44.070312	 
418	191.14407	179.44916	 	141.44574	173.76357	 	142.82886	75.057045	*	164.67647	54.041176	 	198.53937	36.77559	 
419	192.28021	177.26923	 	143.0625	171.25	 	143.25862	71.43793	*	163.39204	48.159092	*	195.644	28.788	 
420	192.62234	174.04256	 	143.85385	168.15384	 	139.7293	68.474525	*	157.61957	43.358696	*	189.76772	26.066929	 
421	192.26143	169.77411	 	143.88931	164.25572	 	134.11392	66.25949	*	150.08989	40.33708	*	182.63008	24.873983	*
422	191.7069	165.22906	 	143.48495	160.56015	 	129.42024	65.5184	*	144.11714	39.23143	*	176.69354	24.451612	*
423	191.06459	161.12201	 	142.57634	157.50763	 	125.14331	65.87579	*	139.04651	39.34302	*	171.2265	24.337606	*
424	190.53302	157.84435	 	141.90875	154.573	 	120.981705	66.22561	*	133.64044	39.544945	*	165.5	24.313559	*
425	189.72273	154.89546	 	141.03731	151.8806	 	116.95399	66.79448	*	128.39595	39.950867	*	159.6913	24.395653	*
426	188.82759	152.60776	 	139.85075	149.80597	 	113.10119	67.72024	*	123.45	40.383335	*	154.11345	24.5	*
427	187.59543	150.87344	 	138.66667	147.85606	 	109.40303	68.6697	*	118.4375	41.11932	*	148.53279	24.508196	*
428	186.44841	150.01587	 	137.19853	146.625	 	105.92012	69.87278	*	113.57222	41.816666	*	142.80833	24.716667	*
429	185.40945	149.37796	 	135.97101	145.89854	 	102.77711	71.43976	*	109.0	42.961113	*	137.07628	24.788136	*
430	184.47318	149.63792	 	135.01079	145.8741	 	99.8869	73.2619	*	104.48883	44.47207	*	131.71008	24.87815	*
431	183.7734	150.17416	 	133.94118	145.97058	 	96.9881	74.83929	*	100.08064	45.85484	*	126.26068	24.987179	*
432	182.90292	150.74908	 	132.95186	146.62593	 	94.11905	76.690475	*	95.666664	47.29032	*	120.48276	25.155172	*
433	181.98175	151.43796	 	132.07246	147.09421	 	91.37574	78.47041	*	91.202705	48.77027	*	115.09167	25.341667	*
434	181.26979	151.96762	 	131.24101	147.86691	 	88.83735	79.915665	*	87.0	50.302197	*	109.688034	25.534187	*
435	180.42526	152.54271	 	130.55263	148.76315	 	86.333336	81.21429	*	83.12703	51.527027	*	104.28689	25.696722	*
436	179.89084	152.99648	 	129.93512	149.30916	 	83.75731	82.33041	*	79.24457	52.548912	*	98.74348	25.882608	*
437	179.4862	153.16896	 	129.58333	150.10606	 	81.31765	83.37647	*	75.4337	53.582874	*	93.32758	25.87931	*
438	179.27702	153.12837	 	129.53816	151.08015	 	79.12048	84.578316	*	71.56989	54.75269	*	87.73077	26.089743	*
439	179.42203	152.98135	 	129.71875	152.13281	 	76.47076	85.447365	*	67.676796	55.5663	*	82.50862	26.198277	*
440	179.82414	152.61035	 	130.43233	153.22932	 	73.51198	86.248505	*	63.677418	56.31183	*	76.77731	26.239496	*
441	180.26666	152.24667	 	131.08015	154.3626	 	70.36747	86.93374	*	59.5	57.140213	*	71.508545	26.320513	*
442	180.78668	152.22356	 	131.82558	155.84883	 	67.625786	88.028305	*	55.676796	58.24033	*	65.844536	26.357143	*
443	181.25667	152.30667	 	132.42592	157.24815	 	65.63291	89.177216	*	52.325844	59.820225	*	60.698277	26.439655	*
444	181.8322	152.52397	 	133.1077	158.63846	 	64.51351	90.16216	*	49.72286	61.214287	*	55.163933	26.786884	*
445	182.07045	152.87114	 	133.50752	159.8985	 	64.47315	91.130875	*	48.083332	63.041668	*	49.737705	27.549181	*
446	182.24483	152.97931	 	133.6875	160.73438	 	65.7013	93.35714	 	48.315643	65.790504	*	45.75	29.233334	*
447	182.29109	152.93494	 	133.6875	160.73438	 	68.00603	97.53615	 	51.87436	69.68974	*	43.359814	33.004673	*
448	182.41258	152.58392	 	133.46213	160.20454	 	71.34242	102.875755	 	56.860825	74.64948	*	43.89	39.42	*
449	182.25958	152.14111	 	133.13158	159.297	 	74.933525	108.580925	 	62.225	80.06	*	48.160713	45.75893	*
450	182.13928	151.70357	 	132.81818	158.18939	 	78.27439	113.20731	 	68.557594	84.081154	*	55.305084	50.508476	*
451	182.01958	151.41103	 	132.44775	157.44029	 	80.857574	115.67576	*	75.21875	86.81771	*	65.09836	53.139343	*
452	181.88351	151.60753	 	132.20229	157.24046	 	82.51282	116.14103	*	81.5	87.84615	*	76.27273	54.015152	*
453	181.6769	152.09927	 	131.8	157.16154	 	83.72222	113.754906	*	87.172134	86.724045	*	87.01798	53.348923	 
454	181.01672	153.44795	 	130.97368	157.19925	 	85.18493	109.5137	*	92.516304	84.027176	*	97.29562	51.879562	 
455	180.18	155.13637	 	129.90945	157.64961	 	87.06291	104.07616	*	98.097824	80.25	*	108.304344	49.869564	 
456	179.51888	156.77925	 	129.12791	157.84108	 	89.70395	98.38816	*	103.86158	76.59039	*	119.28014	48.14539	 
457	178.86758	158.44862	 	128.3062	158.43799	 	93.04667	93.166664	*	110.1213	72.97337	*	130.18889	46.788887	 
458	178.17659	160.16383	 	127.625984	158.98819	 	97.24	88.48	*	116.17081	69.92857	*	140.48518	46.559258	 
459	177.70721	162.33333	 	127.12308	159.83846	 	102.58	84.18	*	123.059006	66.972046	*	150.19925	45.703007	 
460	177.3301	164.76698	 	126.7381	161.09525	 	108.59655	80.293106	*	130.23418	63.99367	*	159.5752	44.642857	 
461	177.07712	167.18657	 	126.51626	162.18292	 	115.386665	76.7	*	138.25484	60.964516	*	169.11151	43.471222	 
462	177.12962	169.42064	 	126.59677	163.15323	 	122.473335	73.76667	*	146.21613	58.403225	*	178.47101	42.434784	 
463	177.2027	171.31622	 	126.76667	163.91667	 	128.92465	71.71918	*	153.35527	55.789474	*	187.28195	41.274437	 
464	177.51648	172.46153	 	127.42742	164.37903	 	133.94057	70.003494	*	158.21698	52.933964	*	193.65079	39.27778	 
465	177.96196	173.04347	 	128.436	164.316	 	136.35715	68.35	*	160.01282	49.5	*	195.475	35.1	 
466	178.65425	172.34575	 	129.6	163.50769	 	136.16667	66.229164	*	158.45322	45.365498	*	192.2874	28.405512	 
467	179.4949	170.73979	 	131.23485	162.19698	 	132.39543	64.27124	*	152.23743	41.047485	*	185.71666	24.783333	 
468	180.33902	168.44147	 	132.27953	160.7126	 	127.57843	62.98366	*	145.19142	38.442856	*	179.20493	23.991804	*
469	181.13235	165.64215	 	132.79231	159.16154	 	123.34615	62.71154	*	139.52907	37.686047	*	173.04701	23.508547	*
470	181.5	163.14532	 	133.5	157.82558	 	119.34146	63.463413	*	134.1763	37.80636	*	167.23914	23.308695	*
471	182.21219	160.93414	 	133.93846	156.00769	 	115.63333	64.42121	*	129.20454	38.113636	*	161.28378	23.328829	*
472	182.99283	159.0311	 	134.70454	154.36363	 	112.493866	65.62884	*	124.32659	38.760117	*	155.94348	23.43913	*
473	183.50484	157.05556	 	135.4771	152.5916	 	109.56748	66.75153	*	119.68889	39.4	*	150.26576	23.373875	*
474	184.36546	155.44171	 	135.84558	150.77942	 	106.75444	68.17455	*	115.11326	40.279007	*	144.60435	23.604347	*
475	184.73853	153.9954	 	136.53731	149.44775	 	104.33132	69.656624	*	110.59836	41.275955	*	139.00435	23.726088	*
476	185.88136	153.11864	 	137.1187	148.51439	 	101.965515	71.373566	*	106.31216	42.44475	*	133.42241	23.801723	*
477	186.64894	152.62766	 	137.83333	147.97826	 	100.03846	73.25739	*	102.46722	44.062843	*	128.05357	24.035715	*
478	187.54471	152.63008	 	138.67392	148.10869	 	97.844826	75.33908	*	98.42896	45.887978	*	122.65179	24.357143	*
479	188.61742	153.01822	 	139.5	148.77536	 	95.833336	77.36207	*	94.60989	47.807693	*	117.16964	24.625	*
480	189.59126	153.9246	 	140.27306	149.71986	 	93.9	79.454285	*	91.021736	49.538044	*	111.93104	24.758621	*
481	190.56226	155.35603	 	141.01408	151.12675	 	92.037575	81.37862	*	87.424324	51.408108	*	106.58108	24.977478	*
482	191.5	157.05254	 	141.64185	153.09575	 	90.23256	83.20349	*	83.82796	52.989246	*	101.0339	25.228813	*
483	192.43024	159.10852	 	142.57857	155.17143	 	88.643715	84.637726	*	80.55914	54.360214	*	95.73077	25.405983	*
484	193.47368	161.09775	 	143.54286	157.54286	 	87.209305	85.76163	*	77.422226	55.705555	*	90.36207	25.48276	*
485	194.74452	163.10583	 	144.64493	160.03622	 	86.3353	86.85294	*	74.63661	56.969944	*	85.034485	25.76724	*
486	196.04213	164.8077	 	146.10992	162.51419	 	86.0679	87.58642	*	72.15169	58.016853	*	79.47458	25.779661	*
487	197.72662	166.61151	 	147.52206	164.91911	 	86.70625	87.95	*	70.25429	59.16857	*	73.87288	25.923729	*
488	199.53546	168.15602	 	149.14493	167.07246	 	88.11688	88.155846	 	69.41228	60.75731	*	68.46581	26.517094	*
489	201.4	169.00357	 	151.16429	169.0	 	89.87423	90.837425	 	70.61892	63.80811	*	65.07522	28.207964	*
490	203.21428	168.97253	 	153.30435	170.05797	 	91.65385	97.26331	 	75.67949	68.684616	*	64.436844	32.5	*
491	204.9291	168.08182	 	155.31203	170.68045	 	94.6018	104.68563	 	81.72111	75.444725	*	67.82584	40.44382	*
492	206.43657	167.02985	 	157.03383	171.15413	 	98.93636	112.257576	 	87.55641	82.93077	*	74.13333	47.58889	*
493	207.81717	166.09702	 	158.4562	171.27373	 	103.51875	119.125	 	93.688484	89.85602	*	81.14762	54.22381	*
494	209.17194	165.03755	 	159.86568	170.89552	 	107.77333	124.68	 	100.49448	95.588394	*	88.28505	60.16355	*
495	210.2615	164.19456	 	161.19173	170.36465	 	111.457146	127.792854	 	107.30114	99.03977	*	96.11157	64.285126	*
496	211.20045	163.71198	 	162.43939	170.12122	 	114.22868	127.72481	*	114.006096	99.63415	*	106.08462	66.315384	*
497	212.49524	163.96666	 	163.5303	170.07576	 	117.01111	125.151855	*	120.57784	98.0988	*	118.01095	64.97445	 
498	213.48462	165.03847	 	164.3	170.252	 	119.568184	120.704544	*	126.9881	95.291664	*	130.72656	62.632812	 
499	214.16145	166.82292	 	164.95967	170.37903	 	122.612785	115.48496	*	133.58939	91.963684	*	142.48473	60.690838	 
500	214.8224	168.74043	 	165.38333	170.975	 	126.08594	110.265625	*	139.99432	88.67614	*	153.9567	59.169292	 
